				-1 			0 			1
precision:	[ 55.20719123  55.49340718  53.46674895] 
recall:		[ 64.09883721  41.72058824  58.78006873] 
F1-score:	[ 59.31867221  47.62377451  55.99218098] 

accuracy:  54.7076923077
