				-1 			0 			1
precision:	[ 69.24024639  45.85805636  47.83458364] 
recall:		[ 65.73958333  41.24324324  60.72727273] 
F1-score:	[ 67.43020657  43.41264063  53.48978911] 

accuracy:  57.5684210526
